[gd_scene load_steps=10 format=3 uid="uid://cynjtogecq8h"]

[ext_resource type="PackedScene" uid="uid://cwsyirjtgyrpy" path="res://scenes/suv.tscn" id="1_p8dia"]
[ext_resource type="PackedScene" uid="uid://cbuiyj44eocar" path="res://scenes/track2.tscn" id="1_vasc6"]
[ext_resource type="PackedScene" uid="uid://bgjf1qls60v52" path="res://Assets/environment/kenney_racing-kit/Models/FBX format/barrierWall.fbx" id="2_1iyoc"]
[ext_resource type="PackedScene" uid="uid://cravon6icyj7n" path="res://Assets/environment/kenney_racing-kit/Models/FBX format/grass.fbx" id="3_nu8i0"]
[ext_resource type="PackedScene" uid="uid://c2l0xrfs0luld" path="res://scenes/trackFrame.tscn" id="4_1iyoc"]
[ext_resource type="PackedScene" uid="uid://bpoci6mn6opuu" path="res://scenes/ChaseCamera.tscn" id="6_p8dia"]

[sub_resource type="ConcavePolygonShape3D" id="ConcavePolygonShape3D_mugp1"]
data = PackedVector3Array(5000, 0, 5000, -5000, 0, 5000, 5000, 0, -5000, -5000, 0, 5000, -5000, 0, -5000, 5000, 0, -5000)

[sub_resource type="ConcavePolygonShape3D" id="ConcavePolygonShape3D_hn7sc"]
data = PackedVector3Array(0, 0, 0, -2.5, 0.24599999, 0, -2.5, 0, 0, -2.5, 0.24599999, 0, 0, 0, 0, 0, 0.24599999, 0, 0, 0.24599999, 0, -2.5, 0.738, 0.2153, -2.5, 0.24599999, 0, -2.5, 0.738, 0.2153, 0, 0.24599999, 0, 0, 0.738, 0.2153, -2.5, 0.738, 1.0148, 0, 1.3119999, 0.93079996, 0, 0.738, 1.0148, 0, 1.3119999, 0.93079996, -2.5, 0.738, 1.0148, -2.5, 1.3119999, 0.93079996, 0, 1.3119999, 0.93079996, -2.5, 1.3119999, 0.2992, 0, 1.3119999, 0.2992, -2.5, 1.3119999, 0.2992, 0, 1.3119999, 0.93079996, -2.5, 1.3119999, 0.93079996, -2.5, 0, 1.23, 0, 0.24599999, 1.23, 0, 0, 1.23, 0, 0.24599999, 1.23, -2.5, 0, 1.23, -2.5, 0.24599999, 1.23, 0, 0, 0, -2.5, 0, 1.23, 0, 0, 1.23, -2.5, 0, 1.23, 0, 0, 0, -2.5, 0, 0, 0, 0.738, 0.2153, -2.5, 1.3119999, 0.2992, -2.5, 0.738, 0.2153, -2.5, 1.3119999, 0.2992, 0, 0.738, 0.2153, 0, 1.3119999, 0.2992, 0, 0, 0, 0, 0.738, 0.2153, 0, 0.24599999, 0, 0, 0.738, 0.2153, 0, 0, 0, 0, 0, 1.23, 0, 0.738, 0.2153, 0, 0, 1.23, 0, 1.3119999, 0.2992, 0, 1.3119999, 0.2992, 0, 0, 1.23, 0, 0.738, 1.0148, 0, 0.738, 1.0148, 0, 0, 1.23, 0, 0.24599999, 1.23, 0, 1.3119999, 0.2992, 0, 0.738, 1.0148, 0, 1.3119999, 0.93079996, -2.5, 0.24599999, 1.23, 0, 0.738, 1.0148, 0, 0.24599999, 1.23, 0, 0.738, 1.0148, -2.5, 0.24599999, 1.23, -2.5, 0.738, 1.0148, -5, 0, 0, -7.5, 0, 1.23, -5, 0, 1.23, -7.5, 0, 1.23, -5, 0, 0, -7.5, 0, 0, -5, 0.24599999, 0, -7.5, 0.738, 0.2153, -7.5, 0.24599999, 0, -7.5, 0.738, 0.2153, -5, 0.24599999, 0, -5, 0.738, 0.2153, -5, 1.3119999, 0.93079996, -7.5, 1.3119999, 0.2992, -5, 1.3119999, 0.2992, -7.5, 1.3119999, 0.2992, -5, 1.3119999, 0.93079996, -7.5, 1.3119999, 0.93079996, -7.5, 0.24599999, 1.23, -5, 0.738, 1.0148, -5, 0.24599999, 1.23, -5, 0.738, 1.0148, -7.5, 0.24599999, 1.23, -7.5, 0.738, 1.0148, -5, 0.738, 0.2153, -7.5, 1.3119999, 0.2992, -7.5, 0.738, 0.2153, -7.5, 1.3119999, 0.2992, -5, 0.738, 0.2153, -5, 1.3119999, 0.2992, -5, 0, 0, -7.5, 0.24599999, 0, -7.5, 0, 0, -7.5, 0.24599999, 0, -5, 0, 0, -5, 0.24599999, 0, -7.5, 0, 1.23, -5, 0.24599999, 1.23, -5, 0, 1.23, -5, 0.24599999, 1.23, -7.5, 0, 1.23, -7.5, 0.24599999, 1.23, -7.5, 0.738, 1.0148, -5, 1.3119999, 0.93079996, -5, 0.738, 1.0148, -5, 1.3119999, 0.93079996, -7.5, 0.738, 1.0148, -7.5, 1.3119999, 0.93079996, -10, 0, 1.23, -7.5, 0.24599999, 1.23, -7.5, 0, 1.23, -7.5, 0.24599999, 1.23, -10, 0, 1.23, -10, 0.24599999, 1.23, -2.5, 1.3119999, 0.93079996, -5, 1.3119999, 0.2992, -2.5, 1.3119999, 0.2992, -5, 1.3119999, 0.2992, -2.5, 1.3119999, 0.93079996, -5, 1.3119999, 0.93079996, -2.5, 0.738, 0.2153, -5, 1.3119999, 0.2992, -5, 0.738, 0.2153, -5, 1.3119999, 0.2992, -2.5, 0.738, 0.2153, -2.5, 1.3119999, 0.2992, -10, 0.24599999, 1.23, -7.5, 0.738, 1.0148, -7.5, 0.24599999, 1.23, -7.5, 0.738, 1.0148, -10, 0.24599999, 1.23, -10, 0.738, 1.0148, -5, 0, 1.23, -2.5, 0.24599999, 1.23, -2.5, 0, 1.23, -2.5, 0.24599999, 1.23, -5, 0, 1.23, -5, 0.24599999, 1.23, -5, 0.24599999, 1.23, -2.5, 0.738, 1.0148, -2.5, 0.24599999, 1.23, -2.5, 0.738, 1.0148, -5, 0.24599999, 1.23, -5, 0.738, 1.0148, -7.5, 0, 0, -10, 0.24599999, 0, -10, 0, 0, -10, 0.24599999, 0, -7.5, 0, 0, -7.5, 0.24599999, 0, -7.5, 0.24599999, 0, -10, 0.738, 0.2153, -10, 0.24599999, 0, -10, 0.738, 0.2153, -7.5, 0.24599999, 0, -7.5, 0.738, 0.2153, -7.5, 0, 0, -10, 0, 1.23, -7.5, 0, 1.23, -10, 0, 1.23, -7.5, 0, 0, -10, 0, 0, -7.5, 1.3119999, 0.93079996, -10, 1.3119999, 0.2992, -7.5, 1.3119999, 0.2992, -10, 1.3119999, 0.2992, -7.5, 1.3119999, 0.93079996, -10, 1.3119999, 0.93079996, -2.5, 0.24599999, 0, -5, 0.738, 0.2153, -5, 0.24599999, 0, -5, 0.738, 0.2153, -2.5, 0.24599999, 0, -2.5, 0.738, 0.2153, -2.5, 0, 0, -5, 0, 1.23, -2.5, 0, 1.23, -5, 0, 1.23, -2.5, 0, 0, -5, 0, 0, -10, 0.738, 1.0148, -7.5, 1.3119999, 0.93079996, -7.5, 0.738, 1.0148, -7.5, 1.3119999, 0.93079996, -10, 0.738, 1.0148, -10, 1.3119999, 0.93079996, -7.5, 0.738, 0.2153, -10, 1.3119999, 0.2992, -10, 0.738, 0.2153, -10, 1.3119999, 0.2992, -7.5, 0.738, 0.2153, -7.5, 1.3119999, 0.2992, -5, 0.738, 1.0148, -2.5, 1.3119999, 0.93079996, -2.5, 0.738, 1.0148, -2.5, 1.3119999, 0.93079996, -5, 0.738, 1.0148, -5, 1.3119999, 0.93079996, -2.5, 0, 0, -5, 0.24599999, 0, -5, 0, 0, -5, 0.24599999, 0, -2.5, 0, 0, -2.5, 0.24599999, 0, -10, 0.24599999, 0, -10, 0, 1.23, -10, 0, 0, -10, 0, 1.23, -10, 0.24599999, 0, -10, 0.738, 0.2153, -10, 0, 1.23, -10, 0.738, 0.2153, -10, 1.3119999, 0.2992, -10, 0, 1.23, -10, 1.3119999, 0.2992, -10, 0.738, 1.0148, -10, 0.738, 1.0148, -10, 1.3119999, 0.2992, -10, 1.3119999, 0.93079996, -10, 0, 1.23, -10, 0.738, 1.0148, -10, 0.24599999, 1.23)

[sub_resource type="ConcavePolygonShape3D" id="ConcavePolygonShape3D_hts1o"]
data = PackedVector3Array(0, 0, 0, -2.5, 0.24599999, 0, -2.5, 0, 0, -2.5, 0.24599999, 0, 0, 0, 0, 0, 0.24599999, 0, 0, 0.24599999, 0, -2.5, 0.738, 0.2153, -2.5, 0.24599999, 0, -2.5, 0.738, 0.2153, 0, 0.24599999, 0, 0, 0.738, 0.2153, -2.5, 0.738, 1.0148, 0, 1.3119999, 0.93079996, 0, 0.738, 1.0148, 0, 1.3119999, 0.93079996, -2.5, 0.738, 1.0148, -2.5, 1.3119999, 0.93079996, 0, 1.3119999, 0.93079996, -2.5, 1.3119999, 0.2992, 0, 1.3119999, 0.2992, -2.5, 1.3119999, 0.2992, 0, 1.3119999, 0.93079996, -2.5, 1.3119999, 0.93079996, -2.5, 0, 1.23, 0, 0.24599999, 1.23, 0, 0, 1.23, 0, 0.24599999, 1.23, -2.5, 0, 1.23, -2.5, 0.24599999, 1.23, 0, 0, 0, -2.5, 0, 1.23, 0, 0, 1.23, -2.5, 0, 1.23, 0, 0, 0, -2.5, 0, 0, 0, 0.738, 0.2153, -2.5, 1.3119999, 0.2992, -2.5, 0.738, 0.2153, -2.5, 1.3119999, 0.2992, 0, 0.738, 0.2153, 0, 1.3119999, 0.2992, 0, 0, 0, 0, 0.738, 0.2153, 0, 0.24599999, 0, 0, 0.738, 0.2153, 0, 0, 0, 0, 0, 1.23, 0, 0.738, 0.2153, 0, 0, 1.23, 0, 1.3119999, 0.2992, 0, 1.3119999, 0.2992, 0, 0, 1.23, 0, 0.738, 1.0148, 0, 0.738, 1.0148, 0, 0, 1.23, 0, 0.24599999, 1.23, 0, 1.3119999, 0.2992, 0, 0.738, 1.0148, 0, 1.3119999, 0.93079996, -2.5, 0.24599999, 1.23, 0, 0.738, 1.0148, 0, 0.24599999, 1.23, 0, 0.738, 1.0148, -2.5, 0.24599999, 1.23, -2.5, 0.738, 1.0148, -5, 0, 0, -7.5, 0, 1.23, -5, 0, 1.23, -7.5, 0, 1.23, -5, 0, 0, -7.5, 0, 0, -5, 0.24599999, 0, -7.5, 0.738, 0.2153, -7.5, 0.24599999, 0, -7.5, 0.738, 0.2153, -5, 0.24599999, 0, -5, 0.738, 0.2153, -5, 1.3119999, 0.93079996, -7.5, 1.3119999, 0.2992, -5, 1.3119999, 0.2992, -7.5, 1.3119999, 0.2992, -5, 1.3119999, 0.93079996, -7.5, 1.3119999, 0.93079996, -7.5, 0.24599999, 1.23, -5, 0.738, 1.0148, -5, 0.24599999, 1.23, -5, 0.738, 1.0148, -7.5, 0.24599999, 1.23, -7.5, 0.738, 1.0148, -5, 0.738, 0.2153, -7.5, 1.3119999, 0.2992, -7.5, 0.738, 0.2153, -7.5, 1.3119999, 0.2992, -5, 0.738, 0.2153, -5, 1.3119999, 0.2992, -5, 0, 0, -7.5, 0.24599999, 0, -7.5, 0, 0, -7.5, 0.24599999, 0, -5, 0, 0, -5, 0.24599999, 0, -7.5, 0, 1.23, -5, 0.24599999, 1.23, -5, 0, 1.23, -5, 0.24599999, 1.23, -7.5, 0, 1.23, -7.5, 0.24599999, 1.23, -7.5, 0.738, 1.0148, -5, 1.3119999, 0.93079996, -5, 0.738, 1.0148, -5, 1.3119999, 0.93079996, -7.5, 0.738, 1.0148, -7.5, 1.3119999, 0.93079996, -10, 0, 1.23, -7.5, 0.24599999, 1.23, -7.5, 0, 1.23, -7.5, 0.24599999, 1.23, -10, 0, 1.23, -10, 0.24599999, 1.23, -2.5, 1.3119999, 0.93079996, -5, 1.3119999, 0.2992, -2.5, 1.3119999, 0.2992, -5, 1.3119999, 0.2992, -2.5, 1.3119999, 0.93079996, -5, 1.3119999, 0.93079996, -2.5, 0.738, 0.2153, -5, 1.3119999, 0.2992, -5, 0.738, 0.2153, -5, 1.3119999, 0.2992, -2.5, 0.738, 0.2153, -2.5, 1.3119999, 0.2992, -10, 0.24599999, 1.23, -7.5, 0.738, 1.0148, -7.5, 0.24599999, 1.23, -7.5, 0.738, 1.0148, -10, 0.24599999, 1.23, -10, 0.738, 1.0148, -5, 0, 1.23, -2.5, 0.24599999, 1.23, -2.5, 0, 1.23, -2.5, 0.24599999, 1.23, -5, 0, 1.23, -5, 0.24599999, 1.23, -5, 0.24599999, 1.23, -2.5, 0.738, 1.0148, -2.5, 0.24599999, 1.23, -2.5, 0.738, 1.0148, -5, 0.24599999, 1.23, -5, 0.738, 1.0148, -7.5, 0, 0, -10, 0.24599999, 0, -10, 0, 0, -10, 0.24599999, 0, -7.5, 0, 0, -7.5, 0.24599999, 0, -7.5, 0.24599999, 0, -10, 0.738, 0.2153, -10, 0.24599999, 0, -10, 0.738, 0.2153, -7.5, 0.24599999, 0, -7.5, 0.738, 0.2153, -7.5, 0, 0, -10, 0, 1.23, -7.5, 0, 1.23, -10, 0, 1.23, -7.5, 0, 0, -10, 0, 0, -7.5, 1.3119999, 0.93079996, -10, 1.3119999, 0.2992, -7.5, 1.3119999, 0.2992, -10, 1.3119999, 0.2992, -7.5, 1.3119999, 0.93079996, -10, 1.3119999, 0.93079996, -2.5, 0.24599999, 0, -5, 0.738, 0.2153, -5, 0.24599999, 0, -5, 0.738, 0.2153, -2.5, 0.24599999, 0, -2.5, 0.738, 0.2153, -2.5, 0, 0, -5, 0, 1.23, -2.5, 0, 1.23, -5, 0, 1.23, -2.5, 0, 0, -5, 0, 0, -10, 0.738, 1.0148, -7.5, 1.3119999, 0.93079996, -7.5, 0.738, 1.0148, -7.5, 1.3119999, 0.93079996, -10, 0.738, 1.0148, -10, 1.3119999, 0.93079996, -7.5, 0.738, 0.2153, -10, 1.3119999, 0.2992, -10, 0.738, 0.2153, -10, 1.3119999, 0.2992, -7.5, 0.738, 0.2153, -7.5, 1.3119999, 0.2992, -5, 0.738, 1.0148, -2.5, 1.3119999, 0.93079996, -2.5, 0.738, 1.0148, -2.5, 1.3119999, 0.93079996, -5, 0.738, 1.0148, -5, 1.3119999, 0.93079996, -2.5, 0, 0, -5, 0.24599999, 0, -5, 0, 0, -5, 0.24599999, 0, -2.5, 0, 0, -2.5, 0.24599999, 0, -10, 0.24599999, 0, -10, 0, 1.23, -10, 0, 0, -10, 0, 1.23, -10, 0.24599999, 0, -10, 0.738, 0.2153, -10, 0, 1.23, -10, 0.738, 0.2153, -10, 1.3119999, 0.2992, -10, 0, 1.23, -10, 1.3119999, 0.2992, -10, 0.738, 1.0148, -10, 0.738, 1.0148, -10, 1.3119999, 0.2992, -10, 1.3119999, 0.93079996, -10, 0, 1.23, -10, 0.738, 1.0148, -10, 0.24599999, 1.23)

[node name="RoadNetwork" type="Node3D"]

[node name="suv" parent="." instance=ExtResource("1_p8dia")]
transform = Transform3D(1, 0, 0, 0, 1, 0, 0, 0, 1, -8.563599, 40, -40)

[node name="ChaseCameraRoot" parent="." instance=ExtResource("6_p8dia")]
transform = Transform3D(1, 0, 0, 0, 1, 0, 0, 0, 1, 10, 71.3152, -40)

[node name="ChaseCamera" parent="ChaseCameraRoot" index="0"]
transform = Transform3D(1, 0, 0, 0, 1, 0, 0, 0, 1, -8.046822, 30.811668, 56.44217)
current = true

[node name="Track1" parent="." instance=ExtResource("1_vasc6")]
transform = Transform3D(1, 0, 0, 0, 1, 0, 0, 0, 1, 2.503357, 0, 0.92211914)

[node name="StaticBody3D" type="StaticBody3D" parent="Track1/Ground/GroundPlane" index="0"]

[node name="CollisionShape3D" type="CollisionShape3D" parent="Track1/Ground/GroundPlane/StaticBody3D"]
shape = SubResource("ConcavePolygonShape3D_mugp1")

[node name="barrierOne" type="Node3D" parent="Track1"]
transform = Transform3D(1, 0, 0, 0, 1, 0, 0, 0, 1, -2.503357, 0, -0.92211914)

[node name="barrierWall2" parent="Track1/barrierOne" instance=ExtResource("2_1iyoc")]
transform = Transform3D(-0.03373079, 0, 0.99943095, 0, 1, 0, -0.99943095, 0, -0.03373079, -43.003716, 0, 153.78056)
metadata/_edit_group_ = true

[node name="StaticBody3D" type="StaticBody3D" parent="Track1/barrierOne/barrierWall2/barrierWall" index="0"]

[node name="CollisionShape3D" type="CollisionShape3D" parent="Track1/barrierOne/barrierWall2/barrierWall/StaticBody3D"]
shape = SubResource("ConcavePolygonShape3D_hn7sc")

[node name="barrierWall3" parent="Track1/barrierOne" instance=ExtResource("2_1iyoc")]
transform = Transform3D(-0.03373079, 0, 0.99943095, 0, 1, 0, -0.99943095, 0, -0.03373079, -43.003716, 0, 143.41664)
metadata/_edit_group_ = true

[node name="barrierWall4" parent="Track1/barrierOne" instance=ExtResource("2_1iyoc")]
transform = Transform3D(-0.03373079, 0, 0.99943095, 0, 1, 0, -0.99943095, 0, -0.03373079, -43.003716, 0, 133.2743)
metadata/_edit_group_ = true

[node name="barrierWall5" parent="Track1/barrierOne" instance=ExtResource("2_1iyoc")]
transform = Transform3D(-0.03373079, 0, 0.99943095, 0, 1, 0, -0.99943095, 0, -0.03373079, -43.003716, 0, 123.87958)
metadata/_edit_group_ = true

[node name="barrierWall6" parent="Track1/barrierOne" instance=ExtResource("2_1iyoc")]
transform = Transform3D(-0.03373079, 0, 0.99943095, 0, 1, 0, -0.99943095, 0, -0.03373079, -43.003716, 0, 113.33879)
metadata/_edit_group_ = true

[node name="barrierWall7" parent="Track1/barrierOne" instance=ExtResource("2_1iyoc")]
transform = Transform3D(-0.03373079, 0, 0.99943095, 0, 1, 0, -0.99943095, 0, -0.03373079, -43.003716, 0, 104.98648)
metadata/_edit_group_ = true

[node name="barrierWall8" parent="Track1/barrierOne" instance=ExtResource("2_1iyoc")]
transform = Transform3D(-0.03373079, 0, 0.99943095, 0, 1, 0, -0.99943095, 0, -0.03373079, -43.003716, 0, 94.98648)
metadata/_edit_group_ = true

[node name="barrierWall9" parent="Track1/barrierOne" instance=ExtResource("2_1iyoc")]
transform = Transform3D(-0.03373079, 0, 0.99943095, 0, 1, 0, -0.99943095, 0, -0.03373079, -43.003716, 0, 84.7635)
metadata/_edit_group_ = true

[node name="barrierWall" parent="Track1/barrierOne" instance=ExtResource("2_1iyoc")]
transform = Transform3D(-0.03373079, 0, 0.99943095, 0, 1, 0, -0.99943095, 0, -0.03373079, -43.003716, 0, 163.36055)
metadata/_edit_group_ = true

[node name="barrierOne2" type="Node3D" parent="Track1"]
transform = Transform3D(1, 0, 0, 0, 1, 0, 0, 0, 1, 66.5966, 0, -0.92211914)

[node name="barrierWall2" parent="Track1/barrierOne2" instance=ExtResource("2_1iyoc")]
transform = Transform3D(-0.03373079, 0, 0.99943095, 0, 1, 0, -0.99943095, 0, -0.03373079, -43.003716, 0, 153.78056)
metadata/_edit_group_ = true

[node name="barrierWall3" parent="Track1/barrierOne2" instance=ExtResource("2_1iyoc")]
transform = Transform3D(-0.03373079, 0, 0.99943095, 0, 1, 0, -0.99943095, 0, -0.03373079, -43.003716, 0, 143.41664)
metadata/_edit_group_ = true

[node name="barrierWall4" parent="Track1/barrierOne2" instance=ExtResource("2_1iyoc")]
transform = Transform3D(-0.03373079, 0, 0.99943095, 0, 1, 0, -0.99943095, 0, -0.03373079, -43.003716, 0, 133.2743)
metadata/_edit_group_ = true

[node name="barrierWall5" parent="Track1/barrierOne2" instance=ExtResource("2_1iyoc")]
transform = Transform3D(-0.03373079, 0, 0.99943095, 0, 1, 0, -0.99943095, 0, -0.03373079, -43.003716, 0, 123.87958)
metadata/_edit_group_ = true

[node name="barrierWall6" parent="Track1/barrierOne2" instance=ExtResource("2_1iyoc")]
transform = Transform3D(-0.03373079, 0, 0.99943095, 0, 1, 0, -0.99943095, 0, -0.03373079, -43.003716, 0, 113.33879)
metadata/_edit_group_ = true

[node name="barrierWall7" parent="Track1/barrierOne2" instance=ExtResource("2_1iyoc")]
transform = Transform3D(-0.03373079, 0, 0.99943095, 0, 1, 0, -0.99943095, 0, -0.03373079, -43.003716, 0, 104.98648)
metadata/_edit_group_ = true

[node name="barrierWall8" parent="Track1/barrierOne2" instance=ExtResource("2_1iyoc")]
transform = Transform3D(-0.03373079, 0, 0.99943095, 0, 1, 0, -0.99943095, 0, -0.03373079, -43.003716, 0, 94.98648)
metadata/_edit_group_ = true

[node name="StaticBody3D" type="StaticBody3D" parent="Track1/barrierOne2/barrierWall8/barrierWall" index="0"]

[node name="CollisionShape3D" type="CollisionShape3D" parent="Track1/barrierOne2/barrierWall8/barrierWall/StaticBody3D"]
shape = SubResource("ConcavePolygonShape3D_hts1o")

[node name="barrierWall9" parent="Track1/barrierOne2" instance=ExtResource("2_1iyoc")]
transform = Transform3D(-0.03373079, 0, 0.99943095, 0, 1, 0, -0.99943095, 0, -0.03373079, -43.003716, 0, 84.7635)
metadata/_edit_group_ = true

[node name="barrierWall" parent="Track1/barrierOne2" instance=ExtResource("2_1iyoc")]
transform = Transform3D(-0.03373079, 0, 0.99943095, 0, 1, 0, -0.99943095, 0, -0.03373079, -43.003716, 0, 163.36055)
metadata/_edit_group_ = true

[node name="barrierOne3" type="Node3D" parent="Track1"]
transform = Transform3D(1, 0, 0, 0, 1, 0, 0, 0, 1, 66.5966, 0, -86.85396)

[node name="barrierWall2" parent="Track1/barrierOne3" instance=ExtResource("2_1iyoc")]
transform = Transform3D(-0.03373079, 0, 0.99943095, 0, 1, 0, -0.99943095, 0, -0.03373079, -43.003716, 0, 153.78056)
metadata/_edit_group_ = true

[node name="barrierWall3" parent="Track1/barrierOne3" instance=ExtResource("2_1iyoc")]
transform = Transform3D(-0.03373079, 0, 0.99943095, 0, 1, 0, -0.99943095, 0, -0.03373079, -43.003716, 0, 143.41664)
metadata/_edit_group_ = true

[node name="barrierWall4" parent="Track1/barrierOne3" instance=ExtResource("2_1iyoc")]
transform = Transform3D(-0.03373079, 0, 0.99943095, 0, 1, 0, -0.99943095, 0, -0.03373079, -43.003716, 0, 133.2743)
metadata/_edit_group_ = true

[node name="barrierWall5" parent="Track1/barrierOne3" instance=ExtResource("2_1iyoc")]
transform = Transform3D(-0.03373079, 0, 0.99943095, 0, 1, 0, -0.99943095, 0, -0.03373079, -43.003716, 0, 123.87958)
metadata/_edit_group_ = true

[node name="barrierWall6" parent="Track1/barrierOne3" instance=ExtResource("2_1iyoc")]
transform = Transform3D(-0.03373079, 0, 0.99943095, 0, 1, 0, -0.99943095, 0, -0.03373079, -43.003716, 0, 113.33879)
metadata/_edit_group_ = true

[node name="barrierWall7" parent="Track1/barrierOne3" instance=ExtResource("2_1iyoc")]
transform = Transform3D(-0.03373079, 0, 0.99943095, 0, 1, 0, -0.99943095, 0, -0.03373079, -43.003716, 0, 104.98648)
metadata/_edit_group_ = true

[node name="barrierWall8" parent="Track1/barrierOne3" instance=ExtResource("2_1iyoc")]
transform = Transform3D(-0.03373079, 0, 0.99943095, 0, 1, 0, -0.99943095, 0, -0.03373079, -43.003716, 0, 94.98648)
metadata/_edit_group_ = true

[node name="barrierWall9" parent="Track1/barrierOne3" instance=ExtResource("2_1iyoc")]
transform = Transform3D(-0.03373079, 0, 0.99943095, 0, 1, 0, -0.99943095, 0, -0.03373079, -43.003716, 0, 84.7635)
metadata/_edit_group_ = true

[node name="barrierWall" parent="Track1/barrierOne3" instance=ExtResource("2_1iyoc")]
transform = Transform3D(-0.03373079, 0, 0.99943095, 0, 1, 0, -0.99943095, 0, -0.03373079, -43.003716, 0, 163.36055)
metadata/_edit_group_ = true

[node name="barrierOne4" type="Node3D" parent="Track1"]
transform = Transform3D(1, 0, 0, 0, 1, 0, 0, 0, 1, 66.795815, 0, -175.59653)

[node name="barrierWall2" parent="Track1/barrierOne4" instance=ExtResource("2_1iyoc")]
transform = Transform3D(-0.03373079, 0, 0.99943095, 0, 1, 0, -0.99943095, 0, -0.03373079, -43.003716, 0, 153.78056)
metadata/_edit_group_ = true

[node name="barrierWall3" parent="Track1/barrierOne4" instance=ExtResource("2_1iyoc")]
transform = Transform3D(-0.03373079, 0, 0.99943095, 0, 1, 0, -0.99943095, 0, -0.03373079, -43.003716, 0, 143.41664)
metadata/_edit_group_ = true

[node name="barrierWall4" parent="Track1/barrierOne4" instance=ExtResource("2_1iyoc")]
transform = Transform3D(-0.03373079, 0, 0.99943095, 0, 1, 0, -0.99943095, 0, -0.03373079, -43.003716, 0, 133.2743)
metadata/_edit_group_ = true

[node name="barrierWall5" parent="Track1/barrierOne4" instance=ExtResource("2_1iyoc")]
transform = Transform3D(-0.03373079, 0, 0.99943095, 0, 1, 0, -0.99943095, 0, -0.03373079, -43.003716, 0, 123.87958)
metadata/_edit_group_ = true

[node name="barrierWall6" parent="Track1/barrierOne4" instance=ExtResource("2_1iyoc")]
transform = Transform3D(-0.03373079, 0, 0.99943095, 0, 1, 0, -0.99943095, 0, -0.03373079, -43.003716, 0, 113.33879)
metadata/_edit_group_ = true

[node name="barrierWall7" parent="Track1/barrierOne4" instance=ExtResource("2_1iyoc")]
transform = Transform3D(-0.03373079, 0, 0.99943095, 0, 1, 0, -0.99943095, 0, -0.03373079, -43.003716, 0, 104.98648)
metadata/_edit_group_ = true

[node name="barrierWall8" parent="Track1/barrierOne4" instance=ExtResource("2_1iyoc")]
transform = Transform3D(-0.03373079, 0, 0.99943095, 0, 1, 0, -0.99943095, 0, -0.03373079, -43.003716, 0, 94.98648)
metadata/_edit_group_ = true

[node name="barrierWall9" parent="Track1/barrierOne4" instance=ExtResource("2_1iyoc")]
transform = Transform3D(-0.03373079, 0, 0.99943095, 0, 1, 0, -0.99943095, 0, -0.03373079, -43.003716, 0, 84.7635)
metadata/_edit_group_ = true

[node name="barrierWall" parent="Track1/barrierOne4" instance=ExtResource("2_1iyoc")]
transform = Transform3D(-0.03373079, 0, 0.99943095, 0, 1, 0, -0.99943095, 0, -0.03373079, -43.003716, 0, 163.36055)
metadata/_edit_group_ = true

[node name="barrierOne5" type="Node3D" parent="Track1"]
transform = Transform3D(1, 0, 0, 0, 1, 0, 0, 0, 1, 66.795815, 0, -257.54138)

[node name="barrierWall2" parent="Track1/barrierOne5" instance=ExtResource("2_1iyoc")]
transform = Transform3D(-0.03373079, 0, 0.99943095, 0, 1, 0, -0.99943095, 0, -0.03373079, -43.003716, 0, 153.78056)
metadata/_edit_group_ = true

[node name="barrierWall3" parent="Track1/barrierOne5" instance=ExtResource("2_1iyoc")]
transform = Transform3D(-0.03373079, 0, 0.99943095, 0, 1, 0, -0.99943095, 0, -0.03373079, -43.003716, 0, 143.41664)
metadata/_edit_group_ = true

[node name="barrierWall4" parent="Track1/barrierOne5" instance=ExtResource("2_1iyoc")]
transform = Transform3D(-0.03373079, 0, 0.99943095, 0, 1, 0, -0.99943095, 0, -0.03373079, -43.003716, 0, 133.2743)
metadata/_edit_group_ = true

[node name="barrierWall5" parent="Track1/barrierOne5" instance=ExtResource("2_1iyoc")]
transform = Transform3D(-0.03373079, 0, 0.99943095, 0, 1, 0, -0.99943095, 0, -0.03373079, -43.003716, 0, 123.87958)
metadata/_edit_group_ = true

[node name="barrierWall6" parent="Track1/barrierOne5" instance=ExtResource("2_1iyoc")]
transform = Transform3D(-0.03373079, 0, 0.99943095, 0, 1, 0, -0.99943095, 0, -0.03373079, -43.003716, 0, 113.33879)
metadata/_edit_group_ = true

[node name="barrierWall7" parent="Track1/barrierOne5" instance=ExtResource("2_1iyoc")]
transform = Transform3D(-0.03373079, 0, 0.99943095, 0, 1, 0, -0.99943095, 0, -0.03373079, -43.003716, 0, 104.98648)
metadata/_edit_group_ = true

[node name="barrierWall8" parent="Track1/barrierOne5" instance=ExtResource("2_1iyoc")]
transform = Transform3D(-0.03373079, 0, 0.99943095, 0, 1, 0, -0.99943095, 0, -0.03373079, -43.003716, 0, 94.98648)
metadata/_edit_group_ = true

[node name="barrierWall9" parent="Track1/barrierOne5" instance=ExtResource("2_1iyoc")]
transform = Transform3D(-0.03373079, 0, 0.99943095, 0, 1, 0, -0.99943095, 0, -0.03373079, -43.003716, 0, 84.7635)
metadata/_edit_group_ = true

[node name="barrierWall" parent="Track1/barrierOne5" instance=ExtResource("2_1iyoc")]
transform = Transform3D(-0.03373079, 0, 0.99943095, 0, 1, 0, -0.99943095, 0, -0.03373079, -43.003716, 0, 163.36055)
metadata/_edit_group_ = true

[node name="barrierOne6" type="Node3D" parent="Track1"]
transform = Transform3D(1, 0, 0, 0, 1, 0, 0, 0, 1, 66.795815, 0, -346.82977)

[node name="barrierWall2" parent="Track1/barrierOne6" instance=ExtResource("2_1iyoc")]
transform = Transform3D(-0.03373079, 0, 0.99943095, 0, 1, 0, -0.99943095, 0, -0.03373079, -43.003716, 0, 153.78056)
metadata/_edit_group_ = true

[node name="barrierWall3" parent="Track1/barrierOne6" instance=ExtResource("2_1iyoc")]
transform = Transform3D(-0.03373079, 0, 0.99943095, 0, 1, 0, -0.99943095, 0, -0.03373079, -43.003716, 0, 143.41664)
metadata/_edit_group_ = true

[node name="barrierWall4" parent="Track1/barrierOne6" instance=ExtResource("2_1iyoc")]
transform = Transform3D(-0.03373079, 0, 0.99943095, 0, 1, 0, -0.99943095, 0, -0.03373079, -43.003716, 0, 133.2743)
metadata/_edit_group_ = true

[node name="barrierWall5" parent="Track1/barrierOne6" instance=ExtResource("2_1iyoc")]
transform = Transform3D(-0.03373079, 0, 0.99943095, 0, 1, 0, -0.99943095, 0, -0.03373079, -43.003716, 0, 123.87958)
metadata/_edit_group_ = true

[node name="barrierWall6" parent="Track1/barrierOne6" instance=ExtResource("2_1iyoc")]
transform = Transform3D(-0.03373079, 0, 0.99943095, 0, 1, 0, -0.99943095, 0, -0.03373079, -43.003716, 0, 113.33879)
metadata/_edit_group_ = true

[node name="barrierWall7" parent="Track1/barrierOne6" instance=ExtResource("2_1iyoc")]
transform = Transform3D(-0.03373079, 0, 0.99943095, 0, 1, 0, -0.99943095, 0, -0.03373079, -43.003716, 0, 104.98648)
metadata/_edit_group_ = true

[node name="barrierWall8" parent="Track1/barrierOne6" instance=ExtResource("2_1iyoc")]
transform = Transform3D(-0.03373079, 0, 0.99943095, 0, 1, 0, -0.99943095, 0, -0.03373079, -43.003716, 0, 94.98648)
metadata/_edit_group_ = true

[node name="barrierWall9" parent="Track1/barrierOne6" instance=ExtResource("2_1iyoc")]
transform = Transform3D(-0.03373079, 0, 0.99943095, 0, 1, 0, -0.99943095, 0, -0.03373079, -43.003716, 0, 84.7635)
metadata/_edit_group_ = true

[node name="barrierWall" parent="Track1/barrierOne6" instance=ExtResource("2_1iyoc")]
transform = Transform3D(-0.03373079, 0, 0.99943095, 0, 1, 0, -0.99943095, 0, -0.03373079, -43.003716, 0, 163.36055)
metadata/_edit_group_ = true

[node name="barrierOne7" type="Node3D" parent="Track1"]
transform = Transform3D(1, 0, 0, 0, 1, 0, 0, 0, 1, 66.795815, 0, -420.56134)

[node name="barrierWall2" parent="Track1/barrierOne7" instance=ExtResource("2_1iyoc")]
transform = Transform3D(-0.03373079, 0, 0.99943095, 0, 1, 0, -0.99943095, 0, -0.03373079, -43.003716, 0, 153.78056)
metadata/_edit_group_ = true

[node name="barrierWall3" parent="Track1/barrierOne7" instance=ExtResource("2_1iyoc")]
transform = Transform3D(-0.03373079, 0, 0.99943095, 0, 1, 0, -0.99943095, 0, -0.03373079, -43.003716, 0, 143.41664)
metadata/_edit_group_ = true

[node name="barrierWall4" parent="Track1/barrierOne7" instance=ExtResource("2_1iyoc")]
transform = Transform3D(-0.03373079, 0, 0.99943095, 0, 1, 0, -0.99943095, 0, -0.03373079, -43.003716, 0, 133.2743)
metadata/_edit_group_ = true

[node name="barrierWall5" parent="Track1/barrierOne7" instance=ExtResource("2_1iyoc")]
transform = Transform3D(-0.03373079, 0, 0.99943095, 0, 1, 0, -0.99943095, 0, -0.03373079, -43.003716, 0, 123.87958)
metadata/_edit_group_ = true

[node name="barrierWall6" parent="Track1/barrierOne7" instance=ExtResource("2_1iyoc")]
transform = Transform3D(-0.03373079, 0, 0.99943095, 0, 1, 0, -0.99943095, 0, -0.03373079, -43.003716, 0, 113.33879)
metadata/_edit_group_ = true

[node name="barrierWall7" parent="Track1/barrierOne7" instance=ExtResource("2_1iyoc")]
transform = Transform3D(-0.03373079, 0, 0.99943095, 0, 1, 0, -0.99943095, 0, -0.03373079, -43.003716, 0, 104.98648)
metadata/_edit_group_ = true

[node name="barrierWall8" parent="Track1/barrierOne7" instance=ExtResource("2_1iyoc")]
transform = Transform3D(-0.03373079, 0, 0.99943095, 0, 1, 0, -0.99943095, 0, -0.03373079, -43.003716, 0, 94.98648)
metadata/_edit_group_ = true

[node name="barrierWall9" parent="Track1/barrierOne7" instance=ExtResource("2_1iyoc")]
transform = Transform3D(-0.03373079, 0, 0.99943095, 0, 1, 0, -0.99943095, 0, -0.03373079, -43.003716, 0, 84.7635)
metadata/_edit_group_ = true

[node name="barrierWall" parent="Track1/barrierOne7" instance=ExtResource("2_1iyoc")]
transform = Transform3D(-0.03373079, 0, 0.99943095, 0, 1, 0, -0.99943095, 0, -0.03373079, -43.003716, 0, 163.36055)
metadata/_edit_group_ = true

[node name="barrierOne8" type="Node3D" parent="Track1"]
transform = Transform3D(1, 0, 0, 0, 1, 0, 0, 0, 1, 66.795815, 0, -508.97717)
metadata/_edit_group_ = true

[node name="barrierWall2" parent="Track1/barrierOne8" instance=ExtResource("2_1iyoc")]
transform = Transform3D(-0.03373079, 0, 0.99943095, 0, 1, 0, -0.99943095, 0, -0.03373079, -43.003716, 0, 153.78056)
metadata/_edit_group_ = true

[node name="barrierWall3" parent="Track1/barrierOne8" instance=ExtResource("2_1iyoc")]
transform = Transform3D(-0.03373079, 0, 0.99943095, 0, 1, 0, -0.99943095, 0, -0.03373079, -43.003716, 0, 143.41664)
metadata/_edit_group_ = true

[node name="barrierWall4" parent="Track1/barrierOne8" instance=ExtResource("2_1iyoc")]
transform = Transform3D(-0.03373079, 0, 0.99943095, 0, 1, 0, -0.99943095, 0, -0.03373079, -43.003716, 0, 133.2743)
metadata/_edit_group_ = true

[node name="barrierWall5" parent="Track1/barrierOne8" instance=ExtResource("2_1iyoc")]
transform = Transform3D(-0.03373079, 0, 0.99943095, 0, 1, 0, -0.99943095, 0, -0.03373079, -43.003716, 0, 123.87958)
metadata/_edit_group_ = true

[node name="barrierWall6" parent="Track1/barrierOne8" instance=ExtResource("2_1iyoc")]
transform = Transform3D(-0.03373079, 0, 0.99943095, 0, 1, 0, -0.99943095, 0, -0.03373079, -43.003716, 0, 113.33879)
metadata/_edit_group_ = true

[node name="barrierWall7" parent="Track1/barrierOne8" instance=ExtResource("2_1iyoc")]
transform = Transform3D(-0.03373079, 0, 0.99943095, 0, 1, 0, -0.99943095, 0, -0.03373079, -43.003716, 0, 104.98648)
metadata/_edit_group_ = true

[node name="barrierWall8" parent="Track1/barrierOne8" instance=ExtResource("2_1iyoc")]
transform = Transform3D(-0.03373079, 0, 0.99943095, 0, 1, 0, -0.99943095, 0, -0.03373079, -43.003716, 0, 94.98648)
metadata/_edit_group_ = true

[node name="barrierWall9" parent="Track1/barrierOne8" instance=ExtResource("2_1iyoc")]
transform = Transform3D(-0.03373079, 0, 0.99943095, 0, 1, 0, -0.99943095, 0, -0.03373079, -43.003716, 0, 84.7635)
metadata/_edit_group_ = true

[node name="barrierWall" parent="Track1/barrierOne8" instance=ExtResource("2_1iyoc")]
transform = Transform3D(-0.03373079, 0, 0.99943095, 0, 1, 0, -0.99943095, 0, -0.03373079, -43.003716, 0, 163.36055)
metadata/_edit_group_ = true

[node name="barrierOne9" type="Node3D" parent="Track1"]
transform = Transform3D(1, 0, 0, 0, 1, 0, 0, 0, 1, 66.795815, 0, -597.3041)
metadata/_edit_group_ = true

[node name="barrierWall2" parent="Track1/barrierOne9" instance=ExtResource("2_1iyoc")]
transform = Transform3D(-0.03373079, 0, 0.99943095, 0, 1, 0, -0.99943095, 0, -0.03373079, -43.003716, 0, 153.78056)
metadata/_edit_group_ = true

[node name="barrierWall3" parent="Track1/barrierOne9" instance=ExtResource("2_1iyoc")]
transform = Transform3D(-0.03373079, 0, 0.99943095, 0, 1, 0, -0.99943095, 0, -0.03373079, -43.003716, 0, 143.41664)
metadata/_edit_group_ = true

[node name="barrierWall4" parent="Track1/barrierOne9" instance=ExtResource("2_1iyoc")]
transform = Transform3D(-0.03373079, 0, 0.99943095, 0, 1, 0, -0.99943095, 0, -0.03373079, -43.003716, 0, 133.2743)
metadata/_edit_group_ = true

[node name="barrierWall5" parent="Track1/barrierOne9" instance=ExtResource("2_1iyoc")]
transform = Transform3D(-0.03373079, 0, 0.99943095, 0, 1, 0, -0.99943095, 0, -0.03373079, -43.003716, 0, 123.87958)
metadata/_edit_group_ = true

[node name="barrierWall6" parent="Track1/barrierOne9" instance=ExtResource("2_1iyoc")]
transform = Transform3D(-0.03373079, 0, 0.99943095, 0, 1, 0, -0.99943095, 0, -0.03373079, -43.003716, 0, 113.33879)
metadata/_edit_group_ = true

[node name="barrierWall7" parent="Track1/barrierOne9" instance=ExtResource("2_1iyoc")]
transform = Transform3D(-0.03373079, 0, 0.99943095, 0, 1, 0, -0.99943095, 0, -0.03373079, -43.003716, 0, 104.98648)
metadata/_edit_group_ = true

[node name="barrierWall8" parent="Track1/barrierOne9" instance=ExtResource("2_1iyoc")]
transform = Transform3D(-0.03373079, 0, 0.99943095, 0, 1, 0, -0.99943095, 0, -0.03373079, -43.003716, 0, 94.98648)
metadata/_edit_group_ = true

[node name="barrierWall9" parent="Track1/barrierOne9" instance=ExtResource("2_1iyoc")]
transform = Transform3D(-0.03373079, 0, 0.99943095, 0, 1, 0, -0.99943095, 0, -0.03373079, -43.003716, 0, 84.7635)
metadata/_edit_group_ = true

[node name="barrierWall" parent="Track1/barrierOne9" instance=ExtResource("2_1iyoc")]
transform = Transform3D(-0.03373079, 0, 0.99943095, 0, 1, 0, -0.99943095, 0, -0.03373079, -43.003716, 0, 163.36055)
metadata/_edit_group_ = true

[node name="barrierOne10" type="Node3D" parent="Track1"]
transform = Transform3D(1, 0, 0, 0, 1, 0, 0, 0, 1, 66.795815, 0, -685.7366)
metadata/_edit_group_ = true

[node name="barrierWall2" parent="Track1/barrierOne10" instance=ExtResource("2_1iyoc")]
transform = Transform3D(-0.03373079, 0, 0.99943095, 0, 1, 0, -0.99943095, 0, -0.03373079, -43.003716, 0, 153.78056)
metadata/_edit_group_ = true

[node name="barrierWall3" parent="Track1/barrierOne10" instance=ExtResource("2_1iyoc")]
transform = Transform3D(-0.03373079, 0, 0.99943095, 0, 1, 0, -0.99943095, 0, -0.03373079, -43.003716, 0, 143.41664)
metadata/_edit_group_ = true

[node name="barrierWall4" parent="Track1/barrierOne10" instance=ExtResource("2_1iyoc")]
transform = Transform3D(-0.03373079, 0, 0.99943095, 0, 1, 0, -0.99943095, 0, -0.03373079, -43.003716, 0, 133.2743)
metadata/_edit_group_ = true

[node name="barrierWall5" parent="Track1/barrierOne10" instance=ExtResource("2_1iyoc")]
transform = Transform3D(-0.03373079, 0, 0.99943095, 0, 1, 0, -0.99943095, 0, -0.03373079, -43.003716, 0, 123.87958)
metadata/_edit_group_ = true

[node name="barrierWall6" parent="Track1/barrierOne10" instance=ExtResource("2_1iyoc")]
transform = Transform3D(-0.03373079, 0, 0.99943095, 0, 1, 0, -0.99943095, 0, -0.03373079, -43.003716, 0, 113.33879)
metadata/_edit_group_ = true

[node name="barrierWall7" parent="Track1/barrierOne10" instance=ExtResource("2_1iyoc")]
transform = Transform3D(-0.03373079, 0, 0.99943095, 0, 1, 0, -0.99943095, 0, -0.03373079, -43.003716, 0, 104.98648)
metadata/_edit_group_ = true

[node name="barrierWall8" parent="Track1/barrierOne10" instance=ExtResource("2_1iyoc")]
transform = Transform3D(-0.03373079, 0, 0.99943095, 0, 1, 0, -0.99943095, 0, -0.03373079, -43.003716, 0, 94.98648)
metadata/_edit_group_ = true

[node name="barrierWall9" parent="Track1/barrierOne10" instance=ExtResource("2_1iyoc")]
transform = Transform3D(-0.03373079, 0, 0.99943095, 0, 1, 0, -0.99943095, 0, -0.03373079, -43.003716, 0, 84.7635)
metadata/_edit_group_ = true

[node name="barrierWall" parent="Track1/barrierOne10" instance=ExtResource("2_1iyoc")]
transform = Transform3D(-0.03373079, 0, 0.99943095, 0, 1, 0, -0.99943095, 0, -0.03373079, -43.003716, 0, 163.36055)
metadata/_edit_group_ = true

[node name="barrierOne11" type="Node3D" parent="Track1"]
transform = Transform3D(1, 0, 0, 0, 1, 0, 0, 0, 1, 66.795815, 0, -771.0867)
metadata/_edit_group_ = true

[node name="barrierWall2" parent="Track1/barrierOne11" instance=ExtResource("2_1iyoc")]
transform = Transform3D(-0.03373079, 0, 0.99943095, 0, 1, 0, -0.99943095, 0, -0.03373079, -43.003716, 0, 153.78056)
metadata/_edit_group_ = true

[node name="barrierWall3" parent="Track1/barrierOne11" instance=ExtResource("2_1iyoc")]
transform = Transform3D(-0.03373079, 0, 0.99943095, 0, 1, 0, -0.99943095, 0, -0.03373079, -43.003716, 0, 143.41664)
metadata/_edit_group_ = true

[node name="barrierWall4" parent="Track1/barrierOne11" instance=ExtResource("2_1iyoc")]
transform = Transform3D(-0.03373079, 0, 0.99943095, 0, 1, 0, -0.99943095, 0, -0.03373079, -43.003716, 0, 133.2743)
metadata/_edit_group_ = true

[node name="barrierWall5" parent="Track1/barrierOne11" instance=ExtResource("2_1iyoc")]
transform = Transform3D(-0.03373079, 0, 0.99943095, 0, 1, 0, -0.99943095, 0, -0.03373079, -43.003716, 0, 123.87958)
metadata/_edit_group_ = true

[node name="barrierWall6" parent="Track1/barrierOne11" instance=ExtResource("2_1iyoc")]
transform = Transform3D(-0.03373079, 0, 0.99943095, 0, 1, 0, -0.99943095, 0, -0.03373079, -43.003716, 0, 113.33879)
metadata/_edit_group_ = true

[node name="barrierWall7" parent="Track1/barrierOne11" instance=ExtResource("2_1iyoc")]
transform = Transform3D(-0.03373079, 0, 0.99943095, 0, 1, 0, -0.99943095, 0, -0.03373079, -43.003716, 0, 104.98648)
metadata/_edit_group_ = true

[node name="barrierWall8" parent="Track1/barrierOne11" instance=ExtResource("2_1iyoc")]
transform = Transform3D(-0.03373079, 0, 0.99943095, 0, 1, 0, -0.99943095, 0, -0.03373079, -43.003716, 0, 94.98648)
metadata/_edit_group_ = true

[node name="barrierWall9" parent="Track1/barrierOne11" instance=ExtResource("2_1iyoc")]
transform = Transform3D(-0.03373079, 0, 0.99943095, 0, 1, 0, -0.99943095, 0, -0.03373079, -43.003716, 0, 84.7635)
metadata/_edit_group_ = true

[node name="barrierWall" parent="Track1/barrierOne11" instance=ExtResource("2_1iyoc")]
transform = Transform3D(-0.03373079, 0, 0.99943095, 0, 1, 0, -0.99943095, 0, -0.03373079, -43.003716, 0, 163.36055)
metadata/_edit_group_ = true

[node name="barrierOne12" type="Node3D" parent="Track1"]
transform = Transform3D(1, 0, 0, 0, 1, 0, 0, 0, 1, 66.795815, 0, -858.1099)
metadata/_edit_group_ = true

[node name="barrierWall2" parent="Track1/barrierOne12" instance=ExtResource("2_1iyoc")]
transform = Transform3D(-0.03373079, 0, 0.99943095, 0, 1, 0, -0.99943095, 0, -0.03373079, -43.003716, 0, 153.78056)
metadata/_edit_group_ = true

[node name="barrierWall3" parent="Track1/barrierOne12" instance=ExtResource("2_1iyoc")]
transform = Transform3D(-0.03373079, 0, 0.99943095, 0, 1, 0, -0.99943095, 0, -0.03373079, -43.003716, 0, 143.41664)
metadata/_edit_group_ = true

[node name="barrierWall4" parent="Track1/barrierOne12" instance=ExtResource("2_1iyoc")]
transform = Transform3D(-0.03373079, 0, 0.99943095, 0, 1, 0, -0.99943095, 0, -0.03373079, -43.003716, 0, 133.2743)
metadata/_edit_group_ = true

[node name="barrierWall5" parent="Track1/barrierOne12" instance=ExtResource("2_1iyoc")]
transform = Transform3D(-0.03373079, 0, 0.99943095, 0, 1, 0, -0.99943095, 0, -0.03373079, -43.003716, 0, 123.87958)
metadata/_edit_group_ = true

[node name="barrierWall6" parent="Track1/barrierOne12" instance=ExtResource("2_1iyoc")]
transform = Transform3D(-0.03373079, 0, 0.99943095, 0, 1, 0, -0.99943095, 0, -0.03373079, -43.003716, 0, 113.33879)
metadata/_edit_group_ = true

[node name="barrierWall7" parent="Track1/barrierOne12" instance=ExtResource("2_1iyoc")]
transform = Transform3D(-0.03373079, 0, 0.99943095, 0, 1, 0, -0.99943095, 0, -0.03373079, -43.003716, 0, 104.98648)
metadata/_edit_group_ = true

[node name="barrierWall8" parent="Track1/barrierOne12" instance=ExtResource("2_1iyoc")]
transform = Transform3D(-0.03373079, 0, 0.99943095, 0, 1, 0, -0.99943095, 0, -0.03373079, -43.003716, 0, 94.98648)
metadata/_edit_group_ = true

[node name="barrierWall9" parent="Track1/barrierOne12" instance=ExtResource("2_1iyoc")]
transform = Transform3D(-0.03373079, 0, 0.99943095, 0, 1, 0, -0.99943095, 0, -0.03373079, -43.003716, 0, 84.7635)
metadata/_edit_group_ = true

[node name="barrierWall" parent="Track1/barrierOne12" instance=ExtResource("2_1iyoc")]
transform = Transform3D(-0.03373079, 0, 0.99943095, 0, 1, 0, -0.99943095, 0, -0.03373079, -43.003716, 0, 163.36055)
metadata/_edit_group_ = true

[node name="barrierOne13" type="Node3D" parent="Track1"]
transform = Transform3D(1, 0, 0, 0, 1, 0, 0, 0, 1, 66.795815, 0, -945.77783)
metadata/_edit_group_ = true

[node name="barrierWall2" parent="Track1/barrierOne13" instance=ExtResource("2_1iyoc")]
transform = Transform3D(-0.03373079, 0, 0.99943095, 0, 1, 0, -0.99943095, 0, -0.03373079, -43.003716, 0, 153.78056)
metadata/_edit_group_ = true

[node name="barrierWall3" parent="Track1/barrierOne13" instance=ExtResource("2_1iyoc")]
transform = Transform3D(-0.03373079, 0, 0.99943095, 0, 1, 0, -0.99943095, 0, -0.03373079, -43.003716, 0, 143.41664)
metadata/_edit_group_ = true

[node name="barrierWall4" parent="Track1/barrierOne13" instance=ExtResource("2_1iyoc")]
transform = Transform3D(-0.03373079, 0, 0.99943095, 0, 1, 0, -0.99943095, 0, -0.03373079, -43.003716, 0, 133.2743)
metadata/_edit_group_ = true

[node name="barrierWall5" parent="Track1/barrierOne13" instance=ExtResource("2_1iyoc")]
transform = Transform3D(-0.03373079, 0, 0.99943095, 0, 1, 0, -0.99943095, 0, -0.03373079, -43.003716, 0, 123.87958)
metadata/_edit_group_ = true

[node name="barrierWall6" parent="Track1/barrierOne13" instance=ExtResource("2_1iyoc")]
transform = Transform3D(-0.03373079, 0, 0.99943095, 0, 1, 0, -0.99943095, 0, -0.03373079, -43.003716, 0, 113.33879)
metadata/_edit_group_ = true

[node name="barrierWall7" parent="Track1/barrierOne13" instance=ExtResource("2_1iyoc")]
